errorRate						
train/test	car	web	finance	house	cfw_all	cfh_all
car_average_exc_pad	0.161290323	0.13304721	0.132	0.252066116	0.142270862	0.181081081
web_average_exc_pad	0.193548387	0.124463519	0.128	0.227272727	0.149110807	0.182432432
finance_average_exc_pad	0.169354839	0.167381974	0.104	0.32231405	0.146374829	0.197297297
house_average_exc_pad	0.141129032	0.124463519	0.128	0.148760331	0.131326949	0.139189189
cfw_all_average_exc_pad	0.133064516	0.13304721	0.116	0.202479339	0.127222982	0.15
cfh_all_average_exc_pad	0.14516129	0.167381974	0.128	0.157024793	0.146374829	0.143243243
car_max	0.149193548	0.128755365	0.132	0.198347107	0.136798906	0.159459459
web_max	0.193548387	0.124463519	0.132	0.198347107	0.150478796	0.174324324
finance_max	0.193548387	0.13304721	0.1	0.194214876	0.142270862	0.162162162
house_max	0.153225806	0.124463519	0.132	0.198347107	0.136798906	0.160810811
cfw_all_max	0.125	0.145922747	0.096	0.194214876	0.121751026	0.137837838
cfh_all_max	0.129032258	0.137339056	0.116	0.185950413	0.127222982	0.143243243
						
acc						
train/test	car	web	finance	house	cfw_all	cfh_all
car_average_exc_pad	0.838709677	0.86695279	0.868	0.747933884	0.857729138	0.818918919
web_average_exc_pad	0.806451613	0.875536481	0.872	0.772727273	0.850889193	0.817567568
finance_average_exc_pad	0.830645161	0.832618026	0.896	0.67768595	0.853625171	0.802702703
house_average_exc_pad	0.858870968	0.875536481	0.872	0.851239669	0.868673051	0.860810811
cfw_all_average_exc_pad	0.866935484	0.86695279	0.884	0.797520661	0.872777018	0.85
cfh_all_average_exc_pad	0.85483871	0.832618026	0.872	0.842975207	0.853625171	0.856756757
car_max	0.850806452	0.871244635	0.868	0.801652893	0.863201094	0.840540541
web_max	0.806451613	0.875536481	0.868	0.801652893	0.849521204	0.825675676
finance_max	0.806451613	0.86695279	0.9	0.805785124	0.857729138	0.837837838
house_max	0.846774194	0.875536481	0.868	0.801652893	0.863201094	0.839189189
cfw_all_max	0.875	0.854077253	0.904	0.805785124	0.878248974	0.862162162
cfh_all_max	0.870967742	0.862660944	0.884	0.814049587	0.872777018	0.856756757
						
roc						
train/test	car	web	finance	house	cfw_all	cfh_all
car_average_exc_pad	0.904791667	0.65821501	0.857003212	0.78254228	0.808783487	0.836614073
web_average_exc_pad	0.822708333	0.82505071	0.847228041	0.581123841	0.819060167	0.748595792
finance_average_exc_pad	0.86875	0.792089249	0.901968999	0.630551009	0.849948763	0.80517259
house_average_exc_pad	0.8715625	0.432555781	0.5869292	0.847244954	0.688347241	0.790964563
cfw_all_average_exc_pad	0.923125	0.827248141	0.901270772	0.763993453	0.893558776	0.869472529
cfh_all_average_exc_pad	0.923020833	0.783637593	0.899315738	0.886743044	0.885770751	0.90416922
car_max	0.903541667	0.685344828	0.778243262	0.774849973	0.802012882	0.825878268
web_max	0.792916667	0.756930358	0.777684681	0.622204037	0.744707949	0.712788501
finance_max	0.855260417	0.663793103	0.887725178	0.644135297	0.802620407	0.79229856
house_max	0.886875	0.633198107	0.717148443	0.868957992	0.773817889	0.840571385
cfw_all_max	0.916145833	0.746788371	0.892892054	0.766939444	0.868986971	0.867493873
cfh_all_max	0.922291667	0.707403651	0.867057674	0.851391162	0.856909676	0.887337878
						
tpr						
train/test	car	web	finance	house	cfw_all	cfh_all
car_average_exc_pad	0.791666667	0	0.090909091	0.574468085	0.372727273	0.53125
web_average_exc_pad	0	0.034482759	0.03030303	0.063829787	0.018181818	0.03125
finance_average_exc_pad	0.3125	0.344827586	0.666666667	0.234042553	0.427272727	0.375
house_average_exc_pad	0.458333333	0	0.03030303	0.446808511	0.209090909	0.34375
cfw_all_average_exc_pad	0.583333333	0	0.151515152	0.276595745	0.3	0.359375
cfh_all_average_exc_pad	0.729166667	0.379310345	0.606060606	0.680851064	0.6	0.6796875
car_max	0.5	0	0	0.042553191	0.218181818	0.203125
web_max	0	0.068965517	0.03030303	0	0.027272727	0.0078125
finance_max	0	0.068965517	0.363636364	0.021276596	0.127272727	0.1015625
house_max	0.416666667	0	0	0.234042553	0.181818182	0.2421875
cfw_all_max	0.625	0.068965517	0.333333333	0.276595745	0.390909091	0.421875
cfh_all_max	0.604166667	0	0.272727273	0.255319149	0.345454545	0.390625
						
fpr						
train/test	car	web	finance	house	cfw_all	cfh_all
car_average_exc_pad	0.15	0.009803922	0.013824885	0.21025641	0.056360709	0.120915033
web_average_exc_pad	0	0.004901961	0	0.056410256	0.001610306	0.017973856
finance_average_exc_pad	0.045	0.098039216	0.069124424	0.215384615	0.070853462	0.107843137
house_average_exc_pad	0.045	0	0	0.051282051	0.014492754	0.031045752
cfw_all_average_exc_pad	0.065	0.009803922	0.004608295	0.076923077	0.025764895	0.047385621
cfh_all_average_exc_pad	0.115	0.102941176	0.087557604	0.117948718	0.101449275	0.10620915
car_max	0.065	0.004901961	0	0.015384615	0.022544283	0.026143791
web_max	0	0.009803922	0.004608295	0.005128205	0.004830918	0.003267974
finance_max	0	0.019607843	0.01843318	0.005128205	0.012882448	0.008169935
house_max	0.05	0	0	0.061538462	0.01610306	0.035947712
cfw_all_max	0.065	0.034313725	0.00921659	0.066666667	0.035426731	0.045751634
cfh_all_max	0.065	0.014705882	0.023041475	0.051282051	0.033816425	0.045751634
						
atf						
train/test	car	web	finance	house	cfw_all	cfh_all
car_average_exc_pad	0.820833333	0.495098039	0.538542103	0.682105837	0.658183282	0.705167484
web_average_exc_pad	0.5	0.514790399	0.515151515	0.503709765	0.508285756	0.506638072
finance_average_exc_pad	0.63375	0.623394185	0.798771121	0.509328969	0.678209633	0.633578431
house_average_exc_pad	0.706666667	0.5	0.515151515	0.69776323	0.597299078	0.656352124
cfw_all_average_exc_pad	0.759166667	0.495098039	0.573453428	0.599836334	0.637117552	0.65599469
cfh_all_average_exc_pad	0.807083333	0.638184584	0.759251501	0.781451173	0.749275362	0.786739175
car_max	0.7175	0.49754902	0.5	0.513584288	0.597818767	0.588490605
web_max	0.5	0.529580798	0.512847368	0.497435897	0.511220905	0.502272263
finance_max	0.5	0.524678837	0.672601592	0.508074195	0.55719514	0.546696283
house_max	0.683333333	0.5	0.5	0.586252046	0.582857561	0.603119894
cfw_all_max	0.78	0.517325896	0.662058372	0.604964539	0.67774118	0.688061683
cfh_all_max	0.769583333	0.492647059	0.624842899	0.602018549	0.65581906	0.672436683
